3417
3422
3432
3437
3462
3477
3486
3487
3489
3491
3492
3493
3494
3495
3497
3498
3502
3503
3504
3505
3506
3507
3508
3509
3510
3511
3512
3514
3515
3519
3522
3524
3526
3528
3531
3533
3537
3538
3539
3540
3541
3542
3543
3545
3546
3547
3548
3549
3550
3551
3552
3553
3554
3555
3556
3557
3558
3559
3560
3561
3562
3563
3564
3565
3566
3567
3568
3569
3570
3571
3572
3573
3574
3575
3576
3577
3578
3579
3580
3581
3582
3584
3585
3586
3587
3588
3589
3590
3592
3593
3594
3595
3597
3598
3599
3600
3602
3603
3604
3605
3607
3608
3609
3610
3611
3612
3613
3614
3615
3616
3617
3618
3619
3620
3622
3623
3624
3625
3626
3627
3629
3630
3632
3633
3635
3638
3640
3641
3642
3645
3646
3647
3648
3650
3651
3653
3654
3657
3659
3661
3662
3663
3664
3665
3666
3667
3668
3669
3670
3671
3674
3675
3676
3678
3679
3680
3681
3682
3684
3685
3686
3687
3688
3689
3691
3692
3693
3694
3695
3696
3697
3698
3699
3700
3702
3703
3704
3705
3707
3708
3709
3710
3711
3712
3714
3715
3717
3719
3720
3723
3724
3725
3726
3730
3733
3735
3736
3737
3738
3740
3743
3744
3745
3747
3753
3755
3756
3759
3764
3765
3775
3782
3802
3812
3957
3970
3975
3990
